0001
0003
0004
0007
0008
0010
0011
0012
0013
0015
0016
0017
0018
0019
0020
0021
0022
0023
0024
0025
0026
0028
0029
0031
0032
0033
0034
0036
0037
0039
0040
0041
0043
0044
0045
0046
0047
0048
0049
0050
0051
0052
0053
0054
0055
0056
0057
0058
0059
0060
0062
0064
0067
0068
0069
0070
0071
0072
0073
0075
0076
0077
0078
0079
0080
0081
0082
0083
0084
0085
0087
0088
0091
0092
0093
0094
0095
0097
0098
0099
0100
0103
0107
0109
0111
0112
0114
0115
0116
0119
0120
0121
0123
0124
0125
0127
0128
0131
0133
0136
0137
0138
0139
0140
0141
0146
0147
0148
0149
0152
0153
0155
0156
0157
0158
0159
0160
0161
0163
0164
0165
0167
0168
0169
0170
0171
0175
0176
0178
0181
0184
0185
0186
0187
0189
0190
0191
0193
0194
0195
0198
0199
0200
0201
0202
0203
0204
0206
0208
0209
0210
0211
0212
0213
0214
0215
0217
0220
0221
0222
0223
0224
0225
0226
0227
0228
0229
0230
0232
0233
0234
0235
0236
0238
0239
0242
0243
0244
0245
0246
0248
0250
0251
0252
0253
0254
0255
0256
0257
0258
0259
0260
0261
0263
0264
0265
0266
0267
0268
0269
0270
0271
0272
0274
0275
0276
0277
0278
0279
0280
0282
0283
0284
0285
0286
0287
0289
0290
0291
0292
0293
0297
0301
0302
0303
0304
0305
0307
0308
0309
0311
0312
0313
0314
0316
0317
0320
0321
0323
0324
0325
0328
0329
0330
0331
0333
0334
0335
0336
0338
0339
0340
0341
0342
0343
0345
0346
0347
0348
0349
0350
0351
0352
0353
0354
0355
0356
0358
0359
0360
0362
0363
0364
0366
0367
0370
0372
0374
0375
0376
0377
0378
0379
0381
0382
0383
0384
0386
0387
0390
0393
0394
0395
0396
0397
0399
0400
0401
0403
0406
0407
0408
0409
0410
0411
0412
0413
0414
0415
0419
0422
0423
0424
0425
0426
0428
0429
0430
0431
0432
0433
0434
0435
0436
0437
0438
0439
0440
0441
0442
0443
0444
0445
0447
0448
0449
0451
0452
0453
0454
0455
0457
0458
0459
0460
0462
0463
0464
0465
0466
0468
0469
0470
0471
0472
0474
0475
0478
0479
0481
0483
0484
0487
0488
0490
0491
0492
0493
0495
0496
0497
0498
0499
0500
0501
0502
0503
0504
0505
0506
0508
0509
0511
0512
0513
0514
0516
0517
0519
0520
0521
0523
0524
0525
0526
0527
0528
0529
0530
0531
0532
0533
0534
0535
0536
0537
0538
0539
0540
0542
0544
0547
0548
0549
0550
0551
0552
0553
0555
0556
0557
0558
0559
0560
0561
0562
0563
0564
0565
0567
0568
0571
0572
0573
0574
0575
0577
0578
0579
0580
0583
0587
0589
0591
0592
0594
0595
0596
0599
0600
0601
0603
0604
0605
0607
0608
0611
0613
0616
0617
0618
0619
0620
0621
0626
0627
0628
0629
0632
0633
0635
0636
0637
0638
0639
0640
0641
0643
0644
0645
0647
0648
0649
0650
0651
0655
0656
0658
0661
0664
0665
0666
0667
0669
0670
0671
0673
0674
0675
0678
0679
0680
0681
0682
0683
0684
0686
0688
0689
0690
0691
0692
0693
0694
0695
0697
0700
0701
0702
0703
0704
0705
0706
0707
0708
0709
0710
0713
0714
0715
0716
0718
0719
0722
0723
0724
0725
0726
0728
0730
0731
0732
0733
0734
0735
0736
0737
0738
0739
0740
0741
0743
0744
0745
0746
0747
0748
0749
0750
0751
0752
0754
0755
0756
0757
0758
0759
0760
0762
0763
0764
0765
0766
0767
0769
